id,commonName,version,catalog.shortName,GPS,reference,jsonurl,mass_1_source,mass_1_source_lower,mass_1_source_upper,mass_2_source,mass_2_source_lower,mass_2_source_upper,network_matched_filter_snr,network_matched_filter_snr_lower,network_matched_filter_snr_upper,luminosity_distance,luminosity_distance_lower,luminosity_distance_upper,chi_eff,chi_eff_lower,chi_eff_upper,total_mass_source,total_mass_source_lower,total_mass_source_upper,chirp_mass_source,chirp_mass_source_lower,chirp_mass_source_upper,chirp_mass,chirp_mass_lower,chirp_mass_upper,redshift,redshift_lower,redshift_upper,far,far_lower,far_upper,final_mass_source,final_mass_source_lower,final_mass_source_upper
GW190408_181802-v1,GW190408_181802,1,GWTC-2,1238782700.3,/GWTC-2/,https://www.gw-openscience.org/eventapi/json/GWTC-2/GW190408_181802/v1,24.5,-3.4,5.1,18.3,-3.5,3.2,14.67360038139546,,,1580.0,-590.0,400.0,-0.03,-0.19,0.13,42.9,-2.9,4.1,18.3,-1.2,1.8,23.8,-1.7,1.4,0.3,-0.1,0.06,1e-05,,,41.0,-2.7,3.8
GW190412-v3,GW190412,3,GWTC-2,1239082262.2,/GWTC-2/,https://www.gw-openscience.org/eventapi/json/GWTC-2/GW190412/v3,30.0,-5.1,4.7,8.3,-0.9,1.6,18.86182683162956,,,740.0,-170.0,140.0,0.25,-0.11,0.08,38.4,-3.7,3.8,13.3,-0.3,0.4,15.2,-0.2,0.2,0.15,-0.03,0.03,1e-05,,,37.3,-3.9,3.9
GW190413_052954-v1,GW190413_052954,1,GWTC-2,1239168612.5,/GWTC-2/,https://www.gw-openscience.org/eventapi/json/GWTC-2/GW190413_052954/v1,33.4,-7.4,12.4,23.4,-6.3,6.7,8.555396161858269,,,4100.0,-1890.0,2410.0,0.01,-0.33,0.29,56.9,-8.9,13.1,24.0,-3.7,5.4,40.1,-6.6,8.0,0.66,-0.27,0.3,0.07168326663702794,,,54.3,-8.4,12.4
GW190413_134308-v1,GW190413_134308,1,GWTC-2,1239198206.7,/GWTC-2/,https://www.gw-openscience.org/eventapi/json/GWTC-2/GW190413_134308/v1,45.4,-9.6,13.6,30.9,-9.6,10.2,9.030693020279005,,,5150.0,-2340.0,2440.0,-0.01,-0.28,0.24,76.1,-10.6,15.9,31.9,-4.6,7.3,57.9,-9.2,8.5,0.8,-0.31,0.3,0.043657319879159086,,,72.8,-10.3,15.2
GW190421_213856-v1,GW190421_213856,1,GWTC-2,1239917954.3,/GWTC-2/,https://www.gw-openscience.org/eventapi/json/GWTC-2/GW190421_213856/v1,40.6,-6.6,10.4,31.4,-8.2,7.5,10.55069569549375,,,3150.0,-1420.0,1370.0,-0.05,-0.26,0.23,71.8,-8.6,12.5,30.7,-3.9,5.5,47.0,-6.0,6.8,0.53,-0.21,0.18,0.0007738314255311893,,,68.6,-8.1,11.7
GW190424_180648-v1,GW190424_180648,1,GWTC-2,1240164426.1,/GWTC-2/,https://www.gw-openscience.org/eventapi/json/GWTC-2/GW190424_180648/v1,39.5,-6.9,10.9,31.0,-7.3,7.4,10.03894424438477,,,2550.0,-1330.0,1560.0,0.15,-0.22,0.22,70.7,-9.8,13.4,30.3,-4.2,5.7,43.7,-5.0,6.2,0.45,-0.21,0.22,0.7822864941910456,,,67.1,-9.2,12.5
GW190425-v2,GW190425,2,GWTC-2,1240215503.0,/GWTC-2/,https://www.gw-openscience.org/eventapi/json/GWTC-2/GW190425/v2,2.0,-0.3,0.6,1.4,-0.3,0.3,13.02922972476558,,,160.0,-70.0,70.0,0.06,-0.05,0.11,3.4,-0.1,0.3,1.44,-0.02,0.02,1.49,-0.0006,0.0008,0.03,-0.02,0.01,0.000751854698112682,,,,,
GW190426_152155-v1,GW190426_152155,1,GWTC-2,1240327333.3,/GWTC-2/,https://www.gw-openscience.org/eventapi/json/GWTC-2/GW190426_152155/v1,5.7,-2.3,4.0,1.5,-0.5,0.8,10.12041364677255,,,380.0,-160.0,190.0,-0.03,-0.3,0.33,7.2,-1.5,3.5,2.41,-0.08,0.08,2.6,-0.01,0.01,0.08,-0.03,0.04,1.443741335492165,,,,,
GW190503_185404-v1,GW190503_185404,1,GWTC-2,1240944862.3,/GWTC-2/,https://www.gw-openscience.org/eventapi/json/GWTC-2/GW190503_185404/v1,42.9,-7.8,9.2,28.5,-7.9,7.5,12.09959960690361,,,1520.0,-660.0,710.0,-0.02,-0.26,0.2,71.3,-8.0,9.3,30.1,-4.0,4.2,38.8,-5.9,5.5,0.29,-0.11,0.11,1e-05,,,68.2,-7.5,8.7
GW190512_180714-v1,GW190512_180714,1,GWTC-2,1241719652.4,/GWTC-2/,https://www.gw-openscience.org/eventapi/json/GWTC-2/GW190512_180714/v1,23.0,-5.7,5.4,12.5,-2.5,3.5,12.26449406234808,,,1490.0,-590.0,530.0,0.03,-0.13,0.13,35.6,-3.4,3.9,14.5,-1.0,1.3,18.6,-0.8,0.9,0.28,-0.1,0.09,1e-05,,,34.2,-3.4,3.9
GW190513_205428-v1,GW190513_205428,1,GWTC-2,1241816086.8,/GWTC-2/,https://www.gw-openscience.org/eventapi/json/GWTC-2/GW190513_205428/v1,35.3,-9.0,9.6,18.1,-4.2,7.3,12.28987773592599,,,2160.0,-800.0,940.0,0.12,-0.18,0.29,53.6,-5.9,8.6,21.5,-1.9,3.6,29.7,-2.6,6.1,0.39,-0.13,0.14,1e-05,,,51.3,-5.8,8.1
GW190514_065416-v1,GW190514_065416,1,GWTC-2,1241852074.8,/GWTC-2/,https://www.gw-openscience.org/eventapi/json/GWTC-2/GW190514_065416/v1,36.9,-7.3,13.4,27.5,-7.7,8.2,8.304493549646196,,,4930.0,-2410.0,2760.0,-0.16,-0.32,0.28,64.2,-9.6,16.6,27.4,-4.3,6.9,48.9,-7.8,7.4,0.77,-0.33,0.34,0.5266876793595081,,,61.6,-9.2,16.0
GW190517_055101-v1,GW190517_055101,1,GWTC-2,1242107479.8,/GWTC-2/,https://www.gw-openscience.org/eventapi/json/GWTC-2/GW190517_055101/v1,36.4,-7.8,11.8,24.8,-7.1,6.9,10.24122163775042,,,2110.0,-1000.0,1790.0,0.53,-0.19,0.2,61.9,-9.6,10.0,26.0,-4.0,4.2,36.1,-3.5,4.0,0.38,-0.16,0.26,5.720513515363399e-05,,,57.8,-9.1,9.4
GW190519_153544-v1,GW190519_153544,1,GWTC-2,1242315362.4,/GWTC-2/,https://www.gw-openscience.org/eventapi/json/GWTC-2/GW190519_153544/v1,64.5,-13.2,11.3,39.9,-10.6,11.0,12.04985270704691,,,2850.0,-1140.0,2020.0,0.33,-0.22,0.19,104.2,-14.9,14.5,43.5,-6.8,6.8,65.9,-10.3,7.5,0.49,-0.17,0.27,1e-05,,,98.7,-14.2,13.5
GW190521-v3,GW190521,3,GWTC-2,1242442967.4,/GWTC-2/,https://www.gw-openscience.org/eventapi/json/GWTC-2/GW190521/v3,91.4,-17.5,29.3,66.8,-20.7,20.7,14.376046048896756,,,4530.0,-2130.0,2300.0,0.06,-0.37,0.31,157.9,-20.9,37.4,66.9,-9.2,15.5,116.3,-17.1,14.9,0.72,-0.29,0.29,0.0002039635028,,,150.3,-20.0,35.8
GW190521_074359-v1,GW190521_074359,1,GWTC-2,1242459857.5,/GWTC-2/,https://www.gw-openscience.org/eventapi/json/GWTC-2/GW190521_074359/v1,42.1,-4.9,5.9,32.7,-6.2,5.4,24.38410871911596,,,1280.0,-570.0,380.0,0.09,-0.13,0.1,74.4,-4.6,6.8,31.9,-2.4,3.1,39.9,-2.9,2.2,0.25,-0.1,0.06,1e-05,,,70.7,-4.2,6.4
GW190527_092055-v1,GW190527_092055,1,GWTC-2,1242984073.8,/GWTC-2/,https://www.gw-openscience.org/eventapi/json/GWTC-2/GW190527_092055/v1,36.2,-9.5,19.1,22.8,-8.1,12.7,8.867476217742222,,,3100.0,-1640.0,4850.0,0.13,-0.28,0.29,58.5,-10.6,27.9,24.2,-4.4,11.9,36.1,-6.1,34.0,0.53,-0.25,0.61,0.062270351314133505,,,55.9,-10.1,26.4
GW190602_175927-v1,GW190602_175927,1,GWTC-2,1243533585.1,/GWTC-2/,https://www.gw-openscience.org/eventapi/json/GWTC-2/GW190602_175927/v1,67.2,-12.6,16.0,47.4,-16.6,13.4,12.13087548611321,,,2990.0,-1260.0,2020.0,0.1,-0.25,0.25,114.1,-15.7,18.5,48.3,-8.0,8.6,74.0,-13.4,10.5,0.51,-0.19,0.27,1.1478437256536947e-05,,,108.8,-14.8,17.2
GW190620_030421-v1,GW190620_030421,1,GWTC-2,1245035079.3,/GWTC-2/,https://www.gw-openscience.org/eventapi/json/GWTC-2/GW190620_030421/v1,55.4,-12.0,15.8,35.0,-11.4,11.6,10.91846314686192,,,3160.0,-1430.0,1670.0,0.34,-0.25,0.21,90.1,-12.1,17.3,37.5,-5.7,7.8,58.3,-10.7,9.0,0.54,-0.21,0.22,0.0029209383726319974,,,85.4,-11.4,15.9
GW190630_185205-v1,GW190630_185205,1,GWTC-2,1245955943.2,/GWTC-2/,https://www.gw-openscience.org/eventapi/json/GWTC-2/GW190630_185205/v1,35.0,-5.7,6.9,23.6,-5.1,5.2,15.64051208963232,,,930.0,-400.0,560.0,0.1,-0.13,0.12,58.8,-4.8,4.7,24.8,-2.0,2.1,29.5,-1.6,1.6,0.19,-0.07,0.1,1e-05,,,56.1,-4.6,4.5
GW190701_203306-v1,GW190701_203306,1,GWTC-2,1246048404.6,/GWTC-2/,https://www.gw-openscience.org/eventapi/json/GWTC-2/GW190701_203306/v1,53.6,-7.8,11.7,40.8,-11.5,8.3,11.58996006414267,,,2140.0,-730.0,790.0,-0.06,-0.28,0.23,94.1,-9.3,11.6,40.2,-4.7,5.2,55.8,-7.9,7.4,0.38,-0.12,0.12,0.010861368605368522,,,90.0,-8.6,10.8
GW190706_222641-v1,GW190706_222641,1,GWTC-2,1246487219.3,/GWTC-2/,https://www.gw-openscience.org/eventapi/json/GWTC-2/GW190706_222641/v1,64.0,-15.2,15.2,38.5,-12.4,12.5,12.34834506062684,,,5070.0,-2110.0,2570.0,0.32,-0.3,0.25,101.6,-13.5,17.9,42.0,-6.2,8.4,77.0,-16.9,10.0,0.79,-0.28,0.31,1e-05,,,96.3,-13.2,16.7
GW190707_093326-v1,GW190707_093326,1,GWTC-2,1246527224.2,/GWTC-2/,https://www.gw-openscience.org/eventapi/json/GWTC-2/GW190707_093326/v1,11.5,-1.7,3.3,8.4,-1.6,1.4,12.97817936002082,,,800.0,-380.0,370.0,-0.05,-0.08,0.1,20.0,-1.3,1.9,8.5,-0.4,0.6,9.89,-0.09,0.1,0.16,-0.07,0.07,1e-05,,,19.2,-1.3,1.9
GW190708_232457-v1,GW190708_232457,1,GWTC-2,1246663515.4,/GWTC-2/,https://www.gw-openscience.org/eventapi/json/GWTC-2/GW190708_232457/v1,17.5,-2.3,4.7,13.1,-2.7,2.0,13.07130069939341,,,900.0,-400.0,330.0,0.02,-0.08,0.1,30.8,-1.8,2.5,13.1,-0.6,0.9,15.5,-0.2,0.3,0.18,-0.07,0.06,2.8252506364808675e-05,,,29.4,-1.7,2.5
GW190719_215514-v1,GW190719_215514,1,GWTC-2,1247608532.9,/GWTC-2/,https://www.gw-openscience.org/eventapi/json/GWTC-2/GW190719_215514/v1,35.2,-9.9,16.9,20.2,-6.5,8.1,7.993907515410997,,,4610.0,-2170.0,2840.0,0.35,-0.32,0.28,55.8,-10.0,16.3,22.7,-3.7,5.9,39.6,-6.9,9.1,0.73,-0.3,0.35,1.559222128828275,,,52.9,-9.5,15.6
GW190720_000836-v1,GW190720_000836,1,GWTC-2,1247616534.7,/GWTC-2/,https://www.gw-openscience.org/eventapi/json/GWTC-2/GW190720_000836/v1,13.3,-3.0,6.6,7.8,-2.2,2.2,11.6960978153441,,,810.0,-330.0,710.0,0.18,-0.12,0.14,21.3,-2.3,4.3,8.9,-0.8,0.5,10.4,-0.1,0.2,0.16,-0.06,0.12,1e-05,,,20.3,-2.3,4.5
GW190727_060333-v1,GW190727_060333,1,GWTC-2,1248242632.0,/GWTC-2/,https://www.gw-openscience.org/eventapi/json/GWTC-2/GW190727_060333/v1,37.2,-5.9,9.4,28.8,-7.9,6.6,12.29941092425987,,,3600.0,-1510.0,1560.0,0.12,-0.25,0.26,65.8,-7.4,10.9,28.1,-3.4,4.9,45.1,-5.8,5.3,0.6,-0.22,0.2,1e-05,,,62.6,-7.0,10.2
GW190728_064510-v1,GW190728_064510,1,GWTC-2,1248331528.5,/GWTC-2/,https://www.gw-openscience.org/eventapi/json/GWTC-2/GW190728_064510/v1,12.2,-2.2,7.1,8.1,-2.6,1.7,13.64274847591606,,,890.0,-370.0,250.0,0.12,-0.07,0.19,20.5,-1.3,4.5,8.6,-0.3,0.5,10.1,-0.08,0.09,0.18,-0.07,0.05,1e-05,,,19.5,-1.3,4.6
GW190731_140936-v1,GW190731_140936,1,GWTC-2,1248617394.6,/GWTC-2/,https://www.gw-openscience.org/eventapi/json/GWTC-2/GW190731_140936/v1,39.3,-8.2,11.8,28.0,-8.4,8.9,8.460146466288636,,,3970.0,-2070.0,2560.0,0.08,-0.24,0.24,67.1,-10.2,15.3,28.4,-4.5,6.8,47.2,-8.1,6.8,0.65,-0.3,0.32,0.20584212311867794,,,63.9,-9.8,14.4
GW190803_022701-v1,GW190803_022701,1,GWTC-2,1248834439.9,/GWTC-2/,https://www.gw-openscience.org/eventapi/json/GWTC-2/GW190803_022701/v1,36.1,-6.7,10.2,26.7,-7.6,7.1,8.614396126273874,,,3690.0,-1690.0,2040.0,-0.01,-0.26,0.25,62.7,-8.4,11.8,26.7,-3.8,5.2,43.2,-6.1,6.4,0.61,-0.24,0.26,0.026934317250435554,,,59.9,-7.9,11.2
GW190814-v2,GW190814,2,GWTC-2,1249852257.0,/GWTC-2/,https://www.gw-openscience.org/eventapi/json/GWTC-2/GW190814/v2,23.2,-1.0,1.1,2.59,-0.09,0.08,22.17523325999954,,,240.0,-50.0,40.0,0.0,-0.06,0.06,25.8,-0.9,1.0,6.09,-0.06,0.06,6.41,-0.02,0.02,0.05,-0.01,0.009,1e-05,,,25.6,-0.9,1.0
GW190828_063405-v1,GW190828_063405,1,GWTC-2,1251009263.8,/GWTC-2/,https://www.gw-openscience.org/eventapi/json/GWTC-2/GW190828_063405/v1,31.8,-3.9,5.8,25.9,-4.6,4.4,16.0359229190588,,,2220.0,-950.0,630.0,0.19,-0.16,0.15,57.5,-4.4,7.5,24.8,-2.0,3.3,34.6,-2.7,2.9,0.4,-0.15,0.09,1e-05,,,54.5,-4.0,6.9
GW190828_065509-v1,GW190828_065509,1,GWTC-2,1251010527.9,/GWTC-2/,https://www.gw-openscience.org/eventapi/json/GWTC-2/GW190828_065509/v1,23.8,-7.0,7.2,10.2,-2.1,3.5,11.12790886853085,,,1660.0,-610.0,630.0,0.08,-0.16,0.16,34.1,-4.5,5.5,13.3,-0.9,1.2,17.4,-0.7,0.6,0.31,-0.1,0.1,1e-05,,,32.9,-4.5,5.7
GW190909_114149-v1,GW190909_114149,1,GWTC-2,1252064527.7,/GWTC-2/,https://www.gw-openscience.org/eventapi/json/GWTC-2/GW190909_114149/v1,43.2,-12.2,50.7,27.6,-10.9,13.0,8.543047309881066,,,4770.0,-2660.0,3700.0,-0.03,-0.36,0.44,71.2,-15.0,54.3,29.5,-6.3,17.5,51.4,-12.1,36.1,0.75,-0.37,0.45,1.1112276612026477,,,68.3,-14.5,52.5
GW190910_112807-v1,GW190910_112807,1,GWTC-2,1252150105.3,/GWTC-2/,https://www.gw-openscience.org/eventapi/json/GWTC-2/GW190910_112807/v1,43.5,-6.2,7.6,35.1,-7.0,6.3,13.41737344451953,,,1570.0,-640.0,1070.0,0.02,-0.18,0.19,78.7,-9.0,9.5,33.9,-3.9,4.3,44.0,-3.7,4.7,0.29,-0.11,0.17,1.8852694587530696e-05,,,75.0,-8.5,8.7
GW190915_235702-v1,GW190915_235702,1,GWTC-2,1252627040.7,/GWTC-2/,https://www.gw-openscience.org/eventapi/json/GWTC-2/GW190915_235702/v1,34.9,-6.2,9.5,24.4,-6.0,5.5,13.07209167194663,,,1700.0,-640.0,710.0,0.03,-0.24,0.19,59.5,-6.2,7.5,25.1,-2.6,3.1,33.3,-3.7,3.3,0.32,-0.11,0.11,1e-05,,,56.8,-5.8,7.1
GW190924_021846-v1,GW190924_021846,1,GWTC-2,1253326744.8,/GWTC-2/,https://www.gw-openscience.org/eventapi/json/GWTC-2/GW190924_021846/v1,8.8,-2.0,7.0,5.0,-1.9,1.3,13.15903752184739,,,570.0,-220.0,220.0,0.03,-0.09,0.3,13.9,-0.9,5.1,5.8,-0.2,0.2,6.44,-0.03,0.04,0.12,-0.04,0.04,1e-05,,,13.3,-1.0,5.2
GW190929_012149-v1,GW190929_012149,1,GWTC-2,1253755327.5,/GWTC-2/,https://www.gw-openscience.org/eventapi/json/GWTC-2/GW190929_012149/v1,64.7,-18.9,22.4,25.7,-9.7,14.4,9.875628916044713,,,3680.0,-1680.0,2980.0,0.03,-0.27,0.27,90.6,-14.1,21.2,34.3,-6.5,8.6,56.4,-15.0,16.6,0.61,-0.24,0.38,0.020161443585491597,,,87.5,-14.1,20.7
GW190930_133541-v1,GW190930_133541,1,GWTC-2,1253885759.2,/GWTC-2/,https://www.gw-openscience.org/eventapi/json/GWTC-2/GW190930_133541/v1,12.3,-2.3,12.5,7.8,-3.3,1.7,9.837638319153829,,,780.0,-330.0,370.0,0.14,-0.15,0.31,20.3,-1.5,9.0,8.5,-0.5,0.5,9.8,-0.2,0.2,0.16,-0.06,0.07,0.03309219802659227,,,19.3,-1.5,9.3
