GWinvent 35.6 30.6 430 
GW190930 12.3 7.8  780
GW190929 64.7 25.7 3680 
GW190924 8.8 5.0  570
GW190915 34.9 24.4 1700
GW190910 43.5 35.1  1570
GW190909 43.2 27.6  4770
GW190828 23.8 10.2  1660
GW190828 31.8 25.9 2220
GW190814 23.2 2.6  240
GW190803 36.1 26.7 3690
GW190731 39.3 28.0 3970
GW190728 12.2 8.1 890
GW190727 37.2 28.8 3600
GW190720 13.3 7.8 810
GW190719 35.2 20.2 4610
GW190708 17.5 13.1 900
GW190707 11.5 8.4 800
GW190706 64.0 38.5 5070
GW190701 53.6 40.8 2140
GW190630 35.0 23.6 930
GW190620 55.4 35.0 3160
GW190602 67.2 47.4 2990
GW190527 36.2 22.8 3100
GW19052107 42.1 32.7 1280
GW190521 91.4 66.8 4530
GW190519 64.5 39.9 2850
GW190517 36.4 24.8 2110
GW190514 36.9 27.5 4930
GW190513 35.3 18.1 2160